0
1
0
5
0
5
0
5
0
5
0
5
0
5
0
5
0
5
0
5
0
4
0
3
0
2
0
1
0
0
0
24
0
23
0
22
0
21
0
21
0
21
0
20
2
7
2
7
2
7
2
7
2
7
2
7
2
7
2
19
2
19
2
19
2
19
2
19
2
19
2
19
2
19
2
19
2
19
2
19
2
19
2
19
2
19
2
19
2
19
2
18
2
17
2
16
2
15
2
14
2
14
2
14
2
14
2
14
2
14
2
15
2
5
2
24
2
0
2
1
2
9
2
10
2
11
2
12
2
13
2
2
2
13
2
13
1
22
1
22
1
22
1
22
1
21
1
20
1
19
1
19
1
18
1
18
1
18
1
19
1
19
1
19
1
19
1
19
1
19
1
19
1
19
1
19
1
19
1
19
1
19
1
19
1
19
2
19
2
19
2
19
2
20
2
21
2
22
2
22
2
22
2
22
2
22
2
22
2
22
2
22
2
22
2
22
2
22
0
22
0
22
0
21
0
21
1
21
1
21
1
21
1
21
0
21
0
20
0
19
0
18
0
17
0
16
0
16
0
16
0
17
1
18
1
19
1
20
1
21
1
22
0
18
1
24
0
20
0
21
0
22
0
23
0
23
0
23
0
23
0
4
0
4
1
3
0
4
1
3
1
5
1
5
1
5
1
5
0
4
0
4
0
4
0
4
0
5
0
6
0
7
0
8
0
9
0
9
0
9
0
8
0
8
1
10
1
10
1
10
1
10
1
10
1
10
1
10
1
10
1
10
1
9
1
9
1
9
1
9
1
9
1
9
1
9
1
9
1
9
1
9
1
10
1
10
1
11
1
12
1
12
1
11
1
10
1
1
1
0
1
7
1
7
1
6
1
6
1
6
1
6
1
6
1
6
1
6
1
6
1
5
1
6
1
5
1
5
1
5
0
5
0
5
0
6
0
5
0
6
0
6
0
6
0
6
0
6
0
6
0
16
0
8
0
16
0
16
0
16
0
16
0
16
0
16
1
8
1
8
1
8
1
8
